27;
18;
25;
19;
30;
26;
16;
36;
24;
42;
8;
38;
31;
44;
26;
24;
19;
45;
43;
25;
15;
30;
22;
34;
30;
27;
16;
25;
36;
24;
46;
35;
25;
32;
14;
24;
23;
31;
24;
27;
29;
24;
24;
19;
19;
13;
27;
29;
30;
15;
25;
24;
24;
28;
33;
24;
17;
15;
24;
15;
16;
29;
17;
24;
24;
14;
10;
28;
16;
13;
26;
19;
20;
28;
20;
12;
21;
14;
38;
31;
12;
18;
20;
15;
22;
22;
18;
25;
34;
23;
36;
33;
41;
13;
15;
22;
30;
21;
25;
32;
32;
12;
40;
23;
13;
16;
34;
13;
13;
18;
21;
26;
19;
26;
15;
20;
24;
12;
28;
29;
29;
32;
47;
30;
18;
32;
24;
35;
34;
13;
23;
30;
24;
17;
31;
22;
15;
17;
20;
27;
28;
11;
27;
21;
36;
21;
34;
42;
14;
25;
23;
21;
15;
39;
20;
36;
17;
10;
30;
13;
22;
37;
28;
27;
46;
10;
33;
30;
40;
25;
49;
12;
17;
20;
26;
34;
27;
39;
26;
43;
18;
15;
17;
25;
37;
9;
17;
10;
16;
24;
20;
40;
16;
34;
31;
22;
21;
12;
18;
16;
10;
34;
31;
12;
20;
29;
10;
28;
21;
27;
30;
21;
43;
10;
33;
23;
33;
38;
18;
18;
17;
35;
20;
47;
29;
33;
19;
21;
18;
30;
16;
17;
29;
12;
15;
15;
22;
26;
29;
28;
17;
32;
19;
35;
26;
19;
15;
43;
16;
28;
12;
33;
29;
29;
44;
14;
39;
24;
14;
25;
34;
30;
31;
33;
33;
29;
47;
40;
26;
36;
41;
17;
20;
30;
25;
40;
25;
14;
17;
29;
19;
19;
10;
34;
11;
36;
12;
38;
29;
17;
26;
27;
33;
25;
16;
17;
22;
19;
28;
22;
19;
19;
29;
14;
33;
29;
30;
30;
19;
32;
18;
18;
17;
21;
36;
14;
11;
14;
32;
18;
26;
14;
24;
20;
25;
33;
24;
45;
14;
28;
26;
30;
34;
19;
36;
15;
45;
34;
18;
17;
34;
46;
14;
28;
42;
26;
29;
22;
11;
32;
27;
15;
21;
28;
29;
24;
42;
13;
20;
21;
18;
31;
19;
23;
17;
17;
25;
11;
28;
11;
17;
24;
27;
29;
19;
23;
18;
21;
25;
20;
29;
14;
21;
39;
27;
22;
8;
25;
15;
