34;
33;
40;
36;
42;
34;
44;
33;
37;
46;
19;
31;
18;
25;
25;
30;
45;
35;
43;
29;
44;
34;
41;
21;
37;
25;
39;
50;
45;
49;
50;
48;
37;
32;
45;
47;
27;
27;
21;
26;
42;
36;
41;
13;
33;
16;
39;
20;
39;
33;
51;
35;
36;
42;
25;
34;
30;
36;
37;
43;
35;
38;
31;
33;
14;
47;
35;
26;
14;
24;
40;
28;
22;
44;
42;
41;
26;
40;
35;
43;
34;
35;
39;
40;
31;
27;
47;
38;
29;
34;
29;
32;
31;
47;
37;
40;
19;
28;
19;
52;
31;
28;
26;
43;
38;
35;
37;
43;
38;
37;
34;
35;
36;
26;
23;
27;
34;
20;
25;
34;
49;
29;
27;
18;
35;
38;
38;
41;
31;
38;
36;
27;
41;
46;
37;
50;
39;
37;
33;
30;
44;
21;
46;
25;
45;
42;
19;
46;
41;
45;
40;
35;
38;
43;
26;
33;
34;
28;
59;
27;
22;
33;
39;
38;
47;
22;
29;
34;
36;
39;
42;
31;
43;
39;
35;
22;
49;
37;
50;
31;
23;
31;
36;
32;
35;
34;
33;
31;
32;
45;
30;
41;
38;
40;
39;
31;
39;
36;
34;
34;
30;
33;
26;
24;
29;
36;
34;
36;
39;
24;
46;
35;
46;
39;
45;
27;
33;
17;
29;
41;
51;
42;
28;
32;
21;
27;
29;
35;
33;
36;
29;
38;
26;
24;
40;
29;
39;
30;
31;
46;
40;
21;
19;
30;
36;
45;
34;
32;
31;
34;
45;
36;
41;
18;
41;
22;
42;
27;
37;
40;
39;
16;
47;
36;
36;
35;
35;
41;
42;
33;
45;
46;
22;
25;
25;
17;
27;
40;
38;
35;
25;
42;
36;
34;
36;
26;
34;
26;
43;
36;
24;
30;
29;
32;
33;
28;
47;
19;
31;
35;
26;
26;
24;
28;
18;
42;
15;
45;
27;
36;
25;
38;
37;
24;
35;
47;
15;
48;
48;
24;
38;
38;
20;
43;
25;
23;
28;
25;
26;
38;
40;
27;
46;
41;
25;
43;
50;
37;
26;
33;
39;
48;
33;
52;
41;
35;
21;
37;
30;
33;
32;
42;
36;
26;
45;
25;
20;
31;
37;
36;
28;
37;
42;
32;
30;
25;
46;
33;
28;
29;
30;
30;
45;
34;
44;
30;
33;
33;
46;
19;
30;
27;
36;
41;
35;
21;
35;
33;
35;
25;
28;
27;
40;
31;
35;
33;
32;
40;
25;
34;
31;
27;
31;
32;
40;
28;
31;
29;
42;
23;
